Linux 6.8.0-45-generic (adman-AORUS-15-BKF) 	09/10/24 	_x86_64_	(20 CPU)

20:27:34      UID       PID    %usr %system  %guest   %wait    %CPU   CPU  Command
20:27:35     1000    235441    8.00    8.00    0.00    0.00   16.00     2  UnrealEditor
20:27:36     1000    235441    8.00    7.00    0.00    0.00   15.00     8  UnrealEditor
20:27:37     1000    235441    9.90    4.95    0.00    0.00   14.85     7  UnrealEditor
20:27:38     1000    235441    8.00    5.00    0.00    0.00   13.00     8  UnrealEditor
20:27:39     1000    235441    8.00    7.00    0.00    0.00   15.00     5  UnrealEditor
20:27:40     1000    235441    9.00    6.00    0.00    0.00   15.00    13  UnrealEditor
20:27:41     1000    235441   78.00   45.00    0.00    0.00  123.00     9  UnrealEditor
20:27:42     1000    235441  182.00   26.00    0.00    0.00  208.00    11  UnrealEditor
20:27:43     1000    235441  207.00   21.00    0.00    1.00  228.00    10  UnrealEditor
20:27:44     1000    235441  207.00   18.00    0.00    1.00  225.00     8  UnrealEditor
20:27:45     1000    235441  218.00   17.00    0.00    0.00  235.00    12  UnrealEditor
20:27:46     1000    235441  228.00   17.00    0.00    1.00  245.00    15  UnrealEditor
20:27:47     1000    235441  227.00   16.00    0.00    0.00  243.00    10  UnrealEditor
20:27:48     1000    235441  235.00   17.00    0.00    1.00  252.00    13  UnrealEditor
20:27:49     1000    235441  230.00   16.00    0.00    1.00  246.00     1  UnrealEditor
20:27:50     1000    235441  234.00   16.00    0.00    0.00  250.00    12  UnrealEditor
20:27:51     1000    235441  231.00   17.00    0.00    1.00  248.00     0  UnrealEditor
20:27:52     1000    235441  227.00   20.00    0.00    0.00  247.00     6  UnrealEditor
20:27:53     1000    235441  218.00   16.00    0.00    1.00  234.00    10  UnrealEditor
20:27:54     1000    235441  213.00   16.00    0.00    0.00  229.00     1  UnrealEditor
20:27:55     1000    235441  192.00   23.00    0.00    1.00  215.00    15  UnrealEditor
20:27:56     1000    235441  223.00   17.00    0.00    0.00  240.00     1  UnrealEditor
20:27:57     1000    235441  208.00   16.00    0.00    0.00  224.00     7  UnrealEditor
20:27:58     1000    235441  202.00   16.00    0.00    1.00  218.00     2  UnrealEditor
20:27:59     1000    235441  217.00   17.00    0.00    1.00  234.00    13  UnrealEditor
20:28:00     1000    235441  205.00   17.00    0.00    0.00  222.00     4  UnrealEditor
20:28:01     1000    235441  204.00   18.00    0.00    0.00  222.00     1  UnrealEditor
20:28:02     1000    235441  201.00   19.00    0.00    1.00  220.00    10  UnrealEditor
20:28:03     1000    235441  212.00   18.00    0.00    1.00  230.00    11  UnrealEditor
20:28:04     1000    235441  218.00   19.00    0.00    0.00  237.00    11  UnrealEditor
20:28:05     1000    235441  191.00   17.00    0.00    1.00  208.00     6  UnrealEditor
20:28:06     1000    235441  204.00   17.00    0.00    0.00  221.00    11  UnrealEditor
20:28:07     1000    235441  207.00   17.00    0.00    1.00  224.00     6  UnrealEditor
20:28:08     1000    235441  219.00   19.00    0.00    1.00  238.00     8  UnrealEditor
20:28:09     1000    235441  205.00   17.00    0.00    0.00  222.00     8  UnrealEditor
20:28:10     1000    235441  216.00   18.00    0.00    1.00  234.00    12  UnrealEditor
20:28:11     1000    235441  218.00   17.00    0.00    0.00  235.00     3  UnrealEditor
20:28:12     1000    235441  233.00   14.00    0.00    1.00  247.00     7  UnrealEditor
20:28:13     1000    235441  219.00   16.00    0.00    0.00  235.00    15  UnrealEditor
20:28:14     1000    235441  228.00   14.00    0.00    1.00  242.00     7  UnrealEditor
20:28:15     1000    235441  216.00   15.00    0.00    0.00  231.00     8  UnrealEditor
20:28:16     1000    235441  210.00   16.00    0.00    1.00  226.00     0  UnrealEditor
20:28:17     1000    235441  226.00   16.00    0.00    0.00  242.00     0  UnrealEditor
20:28:18     1000    235441  225.00   17.00    0.00    1.00  242.00     0  UnrealEditor
20:28:19     1000    235441  221.00   16.00    0.00    0.00  237.00     3  UnrealEditor
20:28:20     1000    235441  222.00   15.00    0.00    1.00  237.00     1  UnrealEditor
20:28:21     1000    235441  223.00   16.00    0.00    0.00  239.00    12  UnrealEditor
20:28:22     1000    235441  219.00   17.00    0.00    0.00  236.00     8  UnrealEditor
20:28:23     1000    235441  231.00   14.00    0.00    1.00  245.00     1  UnrealEditor
20:28:24     1000    235441  224.00   19.00    0.00    1.00  243.00     7  UnrealEditor
20:28:25     1000    235441  220.00   15.00    0.00    0.00  235.00    11  UnrealEditor
20:28:26     1000    235441  229.00   13.00    0.00    0.00  242.00    11  UnrealEditor
20:28:27     1000    235441  226.00   16.00    0.00    1.00  242.00     5  UnrealEditor
20:28:28     1000    235441  219.00   16.00    0.00    0.00  235.00     2  UnrealEditor
20:28:29     1000    235441  214.00   15.00    0.00    0.00  229.00    11  UnrealEditor
20:28:30     1000    235441  213.00   17.00    0.00    1.00  230.00     5  UnrealEditor
20:28:31     1000    235441  211.00   16.00    0.00    0.00  227.00     0  UnrealEditor
20:28:32     1000    235441  233.00   15.00    0.00    0.00  248.00     2  UnrealEditor
20:28:33     1000    235441  224.00   16.00    0.00    1.00  240.00     0  UnrealEditor
20:28:34     1000    235441  227.00   17.00    0.00    0.00  244.00     6  UnrealEditor
20:28:35     1000    235441  224.00   16.00    0.00    1.00  240.00     1  UnrealEditor
20:28:36     1000    235441  234.00   14.00    0.00    0.00  248.00    10  UnrealEditor
20:28:37     1000    235441  226.00   16.00    0.00    1.00  242.00    10  UnrealEditor
20:28:38     1000    235441  219.00   18.00    0.00    0.00  237.00     9  UnrealEditor
20:28:39     1000    235441  216.00   18.00    0.00    1.00  234.00     4  UnrealEditor
20:28:40     1000    235441  216.00   15.00    0.00    1.00  231.00     0  UnrealEditor
20:28:41     1000    235441  229.00   16.00    0.00    0.00  245.00     4  UnrealEditor
20:28:42     1000    235441  230.00   15.00    0.00    1.00  245.00    11  UnrealEditor
20:28:43     1000    235441  222.00   13.00    0.00    0.00  235.00     6  UnrealEditor
20:28:44     1000    235441  237.00   18.00    0.00    0.00  255.00     8  UnrealEditor
20:28:45     1000    235441  235.00   15.00    0.00    1.00  250.00    14  UnrealEditor
20:28:46     1000    235441  216.00   17.00    0.00    0.00  233.00     8  UnrealEditor
20:28:47     1000    235441  217.00   17.00    0.00    1.00  234.00    10  UnrealEditor
20:28:48     1000    235441  223.00   14.00    0.00    0.00  237.00     6  UnrealEditor
20:28:49     1000    235441  229.00   15.00    0.00    1.00  244.00     5  UnrealEditor
20:28:50     1000    235441  233.00   15.00    0.00    0.00  248.00    10  UnrealEditor
20:28:51     1000    235441  245.00   16.00    0.00    1.00  261.00     8  UnrealEditor
20:28:52     1000    235441  226.00   17.00    0.00    0.00  243.00     2  UnrealEditor
20:28:53     1000    235441  234.00   16.00    0.00    1.00  250.00    10  UnrealEditor
20:28:54     1000    235441  226.00   16.00    0.00    1.00  242.00     4  UnrealEditor
20:28:55     1000    235441  218.00   16.00    0.00    0.00  234.00    18  UnrealEditor
20:28:56     1000    235441  234.00   16.00    0.00    0.00  250.00     8  UnrealEditor
20:28:57     1000    235441  226.00   18.00    0.00    1.00  244.00     3  UnrealEditor
20:28:58     1000    235441  230.00   19.00    0.00    0.00  249.00     5  UnrealEditor
20:28:59     1000    235441  230.00   13.00    0.00    1.00  243.00    13  UnrealEditor
20:29:00     1000    235441  221.00   16.00    0.00    0.00  237.00     1  UnrealEditor
20:29:01     1000    235441  236.00   15.00    0.00    1.00  251.00     8  UnrealEditor
20:29:02     1000    235441  216.00   17.00    0.00    0.00  233.00     0  UnrealEditor
20:29:03     1000    235441  223.00   15.00    0.00    0.00  238.00     8  UnrealEditor
20:29:04     1000    235441  232.00   15.00    0.00    1.00  247.00     0  UnrealEditor
20:29:05     1000    235441  215.00   12.00    0.00    0.00  227.00    10  UnrealEditor
20:29:06     1000    235441  225.00   15.00    0.00    0.00  240.00     3  UnrealEditor
20:29:07     1000    235441  231.00   14.00    0.00    1.00  245.00     4  UnrealEditor
20:29:08     1000    235441  223.00   17.00    0.00    0.00  240.00     4  UnrealEditor
20:29:09     1000    235441  234.00   14.00    0.00    0.00  248.00     3  UnrealEditor
20:29:10     1000    235441  150.00   11.00    0.00    1.00  161.00     9  UnrealEditor
20:29:11     1000    235441    8.00    5.00    0.00    0.00   13.00     9  UnrealEditor
20:29:12     1000    235441    9.00    5.00    0.00    0.00   14.00    12  UnrealEditor
20:29:13     1000    235441    9.00    6.00    0.00    0.00   15.00     4  UnrealEditor
20:29:14     1000    235441    9.00    6.00    0.00    0.00   15.00    10  UnrealEditor
20:29:15     1000    235441   10.00    6.00    0.00    0.00   16.00     5  UnrealEditor
20:29:16     1000    235441    9.00    6.00    0.00    0.00   15.00    10  UnrealEditor
20:29:17     1000    235441    8.00    6.00    0.00    0.00   14.00     0  UnrealEditor
20:29:18     1000    235441    8.00    7.00    0.00    0.00   15.00     4  UnrealEditor
20:29:19     1000    235441   10.00    6.00    0.00    0.00   16.00     8  UnrealEditor
20:29:20     1000    235441   10.00    8.00    0.00    0.00   18.00     0  UnrealEditor
20:29:21     1000    235441    8.00    7.00    0.00    0.00   15.00     6  UnrealEditor
20:29:22     1000    235441    7.00    7.00    0.00    0.00   14.00    10  UnrealEditor
20:29:23     1000    235441    9.00    7.00    0.00    0.00   16.00    10  UnrealEditor
20:29:24     1000    235441    7.00    7.00    0.00    0.00   14.00    10  UnrealEditor
20:29:25     1000    235441    9.00    6.00    0.00    0.00   15.00     2  UnrealEditor
20:29:26     1000    235441    9.00    6.00    0.00    0.00   15.00     0  UnrealEditor
20:29:27     1000    235441    8.00    8.00    0.00    0.00   16.00     0  UnrealEditor
20:29:28     1000    235441    7.00    7.00    0.00    0.00   14.00     2  UnrealEditor
20:29:29     1000    235441    6.00    4.00    0.00    0.00   10.00     2  UnrealEditor
20:29:30     1000    235441   10.00    6.00    0.00    0.00   16.00     0  UnrealEditor
20:29:31     1000    235441    8.00    8.00    0.00    0.00   16.00     0  UnrealEditor
20:29:32     1000    235441    9.00    7.00    0.00    0.00   16.00     4  UnrealEditor
20:29:33     1000    235441    7.00    5.00    0.00    0.00   12.00     4  UnrealEditor
20:29:34     1000    235441   10.00    6.00    0.00    0.00   16.00     8  UnrealEditor
Average:     1000    235441  166.04   14.09    0.00    0.36  180.13     -  UnrealEditor
